1240600572
1443620811
1871613792
569001050
1568034556
1652940876
570470929
1122119274
240379226
420855441
2076322579
2081636052
1375208971
1763776135
1139898498
691208512
1289968614
904636132
1456533261
880159102
1534595795
1804671673
301332689
737096436
1141643828
1967251837
366648359
1479689385
1088455677
2808699
25878372
181572601
1446429510
1897492165
750573652
866980418
1402949393
1321044581
1989099692
1643328619
1741900023
1917938623
1577481024
969625346
1534231110
569895874
1660833858
676716077
1474532006
969883471
1556875179
861644153
627071496
1858207868
1598740589
1768715324
1677976057
1965388949
1100921061
618948086
1968197648
1126799434
800520688
1267143510
876807951
1551094340
2134123928
132273696
724655273
1975739972
1775602315
319071648
1746194947
1205599691
1288696994
1132942409
1775495565
802047204
1809658486
1102543923
1771930676
1219050018
1964188076
251518524
929774238
1415445018
2020233849
460266648
1233350319
973671262
1079214734
1054064319
2100470696
1879735422
173724181
829794999
1283346114
160364461
962068695
2008001388
2136104433
590187363
179589388
1734815732
1795787054
1468286383
720274493
1423798972
122849939
382449332
378859247
1894780615
1601499350
195563676
2146299140
383789940
1611008694
2019049341
844056588
696875365
845236955
1923271323
1750939684
798224004
1655523097
1924663865
1628019003
791385564
2085028326
442604051
651903304
2073649111
1032791414
831492692
1660981195
681094820
152295427
233772040
2104893792
275145367
616221372
336269392
22442334
70237074
531833068
21257826
454027015
2142841762
2040307167
1298083603
692233479
738060475
1073871278
295689515
1536284479
581910728
72869732
1016819834
1373296292
10414410
1459423885
2025199596
2084063521
344731651
709208640
1597561068
1025826472
861504068
1831333108
983236616
1136649435
300070833
1319506008
1159091769
370307907
1851339076
1180349596
824334922
1846697190
1073173115
2122418526
391447021
1811233590
1048806156
687136536
1200034421
1630716884
760006268
69370608
856529528
770420678
1528794493
734245476
707000551
1873526145
1443454117
157077971
751868969
157474537
1988411080
1735105585
1294123972
140998265
907127946
305732093
511306172
610983374
1486081689
1335641095
310196917
411771157
1310575973
701643938
75521099
211898481
1388780475
1275555521
1842615366
1303095
1344926129
551661246
771723774
726236974
1285906723
1478724325
452279471
581877192
1635802297
1204148440
739351729
1476729729
791770378
2033475701
1617727994
1698898324
191724146
2129034166
162398050
1677805836
1317191613
472594967
2089576993
480283938
1174238906
17614444
692182420
415535733
1293169965
387314138
416838828
490612446
938975384
1188562602
1216849421
77398459
519803280
1669128892
659275651
8121929
725793685
1398627380
1484851658
1517564063
1284619433
955096004
1068978739
1476343580
936646522
1231376789
1006665768
106354488
1703971757
948759113
586638426
730727015
966373557
1278820846
1146262748
112059875
1666134984
1563101576
602672321
457626721
604180531
1819521742
535025180
1123983811
1341166987
1194300832
1132105740
2066960672
445444564
469473750
1437041087
1730063998
1424569754
358536178
1058923930
213732628
1589912967
2065589698
320087116
1146401076
866865163
906725543
1877128091
1833238720
38062741
875907191
1945298595
1704197726
291525120
400487269
14340799
895705651
72525363
549365979
2019689462
1413692350
1743666811
1004311554
1333169374
41627728
1473785304
622726813
1771691726
750871410
981262991
683132008
964604038
423692311
601238058
1284691155
1570093387
1468103221
43933050
1299737831
1153858293
81995791
28161374
951673241
1786193517
319686494
1352160510
1800534316
1215392145
1424685873
202416648
1087597959
690894576
1946083459
2091909513
2024063950
1987711187
1418211169
499307116
1611919265
21598931
1480570107
147567625
986202970
1904262418
748805683
123410477
1326872158
69425256
167343527
479126341
1223283550
249339318
507287715
27473143
2035532836
826974210
1379633653
1688583504
2042366355
656835878
1891000152
982480667
1347730454
1689599964
926906532
1224310757
1529827503
197634054
1723617873
994263121
219232985
1056704332
1141830746
1205435955
813483103
1890636430
1328846432
2140355261
1960061686
1496189959
471997954
1035861588
1745529278
979285669
1063334731
1633578466
1806259879
295484736
1174678322
1701142587
952320615
918194827
536139606
152567421
460311143
1463046138
1376878178
1990138646
1660680192
953012403
836918119
1879913178
2009716736
1978748866
937865485
675716191
1721901648
119228270
668587804
1534479686
1615418229
1140585758
422857627
1213463859
2119871427
1486192358
699558677
1778647659
1781677095
1874237000
1332306598
586514062
644948179
1868446204
739081483
1105259322
1184008694
2115959662
947914320
697205239
921488417
1784832440
429634769
783721505
1616097658
1367500254
1459437696
1190515658
1486728524
2128025500
577511696
954663106
1121127610
1000369323
20643317
1093515390
339078034
720201995
724679401
2120755129
446955347
2056985999
559785543
1091903526
1777948555
1298867026
49679200
814473601
1267343040
997593520
1511678840
41347810
634942312
1941313609
825069315
103556322
1161330216
137023364
1294071980
500575092
117565216
1871583677
1455238198
1238692827
724469352
1475881516
184724569
1063547386
48599863
909403970
1036818867
495555210
818906321
1596604410
1587458736
449371228
747987789
1637137936
1263844829
2015330829
487247808
628040022
2056678639
1122190121
421869983
734264307
1225746443
1583200199
871287671
372334776
2083775292
988852887
96434805
1391529842
80062066
820904157
719927710
264786635
1884451544
768527573
1174190605
773786763
1264082783
1993096926
222907526
704057871
294984506
970895315
193712159
1558829336
838742496
680959968
39385710
747937488
1803150089
461255693
1482201795
881412884
2044455893
206005818
1253747660
1980747537
1194858705
1350182465
1224793731
1274920772
23602975
1944721442
1539707407
1908054519
565765367
566414365
534357634
1829848151
412027643
757265160
386422374
707012150
1728160475
580134534
118357838
419419324
1261094502
157743548
1167356812
916760943
618999241
502074959
1798173827
515971486
708080777
904437840
349235375
1902939482
107136657
1574029107
1030376606
130739632
1371266901
422600366
2038794151
1937032268
989014731
425668138
1619396771
1401042374
1182933298
2005819146
2108054524
763610126
438470032
78928714
1183029450
1699564534
236672262
202902614
468841829
855671504
704977573
119532008
1371642990
1413058350
1023969848
1720878366
1168514184
1131106506
1147423825
51407143
1261846138
371207078
474007509
1153156642
160755698
1463022240
1578824780
1780152470
716580966
614274430
1638487968
677151843
1377884556
2076958000
756080557
413430358
1629038886
992752820
616332972
2097880715
1848424324
1321310545
69929075
1072583666
586885247
1093898924
645978384
1755399432
77521782
1793402209
1806806575
1339367920
17125639
133330436
345040914
177881338
1596352676
1923865694
1958033808
165449994
390656477
1449038128
842601837
1768541033
1378512480
1598682395
34487744
860067718
443951567
650820716
810464785
144892243
1972131262
880393860
1217475909
411532861
1974292784
1863454294
19448645
2051814566
1509372855
1826255220
1243698839
1526498495
1959585656
1588739753
1704379833
1408454684
1365121800
1514929993
1573904679
1755778277
816484473
269022868
1376835662
47513305
1867705263
1411323406
907581023
164173182
2062144123
1718045808
309065425
1886791737
450956020
1526541335
150840950
277765157
1242511981
170289596
182096075
604401188
1996544816
1425794914
2130899683
1808646825
867051020
1687795868
1069617861
84689172
1055242213
496038892
1840467449
1871726686
765061761
1069819463
1919239991
485283376
333659222
679337366
649456559
248319697
249899526
958521984
2135111434
700855547
337579671
138468736
978620704
1580091652
308758332
1160716779
37009193
157819501
439028046
20425228
1966466326
1306079066
1708221097
888600539
1390768238
615979662
1384639432
1083752039
340222701
2217545
6087854
111979044
487500921
339747076
791316411
1136957480
588066773
1041215937
2095479465
575694559
1742071484
285575488
714163296
573208540
1865667141
1022921628
1733925320
1902676334
1180741129
25469718
1923101562
999723807
1331548784
1483839011
1888324347
574833374
2099818674
1125480131
1658585413
292557727
1127697676
1664673267
404536771
1615198597
2004420344
1195853182
604672430
445003469
89585472
552668247
1020698029
1831656956
838243735
1734861325
257381849
556427228
610299305
1991307169
311619914
1791040435
2016776887
87237829
643280594
1200842023
1571076840
384121293
1775675397
1523411866
1509601424
1286777162
1815969593
489815452
803966781
73022717
2105014050
660903477
1268875899
562202832
1105906947
1358461371
1114871079
2126604976
1042634680
1953114814
1713982653
1300016529
362058395
176798310
1143840050
673678309
1967838745
1013133289
760916138
463635692
66491664
184509331
847756985
1842167061
1707921197
209874762
981460575
1376407143
699690214
1785427356
1449429860
657220616
298847186
570822111
1219423448
1404754133
1929283483
186810879
1383875461
824434515
2139925694
950374466
2124451044
354500441
1127172776
1120807446
1028178750
947527874
2133940735
1789094889
1411163566
52948751
1973604220
111436903
1895115812
1534041769
321311665
729092739
762965264
1021001880
367036447
64911476
1678222496
665883633
635733588
750162297
2070637766
417533423
936973176
1307029579
1241967938
929415222
109920397
1218935334
1283915663
1237093174
192259132
164610766
37137400
178716219
1953705655
1448300966
231664970
1779826227
1559737869
2126780782
1166384348
1881049535
708389873
1929349613
754567767
1075426320
1994261089
285306615
1741309954
482511029
1035468912
1664464072
900044452
1972442089
824010004
2142012390
754373663
933930401
1213464076
2038289327
23539927
1405723208
55416445
60677327
1584439427
2009122100
1508978293
1816104397
1641464679
921232515
1795401531
660365379
654798402
356307756
442231344
1409366169
1431734077
289008786
1694672784
1025560383
771519815
582658049
542540807
1671564268
407616490
1366550811
1666093010
1161990153
152997565
732073439
1052795832
176537492
2137796647
1108212277
237214820
1574752427
969850729
1746193113
1243373176
463831760
519941980
891291060
1124197140
1174740382
1247598816
1566428484
436622903
531849245
1855437270
2131295688
1557409628
479473438
566470089
2099950436
3554058
974086579
1319017599
1669647068
2136076732
1472015164
254236859
1041388917
1648552657
244549859
2117546
1885767477
1819302286
971968276
1484476942
915191814
1435800036
2004418923
1806482874
412513528
1031675657
906598043
1978942013
1468298561
