1998933285
176897823
361759233
168791146
1418684766
1039369964
254998661
1746249155
1954168748
581967472
2084981704
263650555
1138184334
786686515
1101229683
1648050832
1661809273
1448697629
761598360
131224976
589574233
1341232403
1782094251
1503650211
1583656490
813297878
1856034389
1839211457
1242332049
636709371
204042887
1093781686
813607195
565802120
1262572833
84808313
1605172085
1517571494
1831057468
1411857185
2099538967
1768555525
1675507740
1090239653
407758392
629253775
590806837
2069567665
2077951404
1352405198
53308993
520041990
546153953
1835403244
2023692201
2129810443
501217475
1732242942
1821538252
1743549524
221468666
2025581139
689847562
1035075861
443899612
1952420395
1119884174
2049071697
1322508242
803457994
1313445234
1274563561
424529871
841469326
217319566
832288263
1470723101
808126404
754372280
1401190858
13047954
807681273
1921232848
559201907
495600870
1797441401
541528702
996818345
1382200696
215583306
592884221
1603669362
93680797
1282731783
491261575
537580409
1087668531
1611145749
439168458
262693125
