13047954
53308993
84808313
93680797
131224976
168791146
176897823
204042887
215583306
217319566
221468666
254998661
262693125
263650555
361759233
407758392
424529871
439168458
443899612
491261575
495600870
501217475
520041990
537580409
541528702
546153953
559201907
565802120
581967472
589574233
590806837
592884221
629253775
636709371
689847562
754372280
761598360
786686515
803457994
807681273
808126404
813297878
813607195
832288263
841469326
996818345
1035075861
1039369964
1087668531
1090239653
1093781686
1101229683
1119884174
1138184334
1242332049
1262572833
1274563561
1282731783
1313445234
1322508242
1341232403
1352405198
1382200696
1401190858
1411857185
1418684766
1448697629
1470723101
1503650211
1517571494
1583656490
1603669362
1605172085
1611145749
1648050832
1661809273
1675507740
1732242942
1743549524
1746249155
1768555525
1782094251
1797441401
1821538252
1831057468
1835403244
1839211457
1856034389
1921232848
1952420395
1954168748
1998933285
2023692201
2025581139
2049071697
2069567665
2077951404
2084981704
2099538967
2129810443
Segundos: 0.000166392
Nanosegundos: 166392
---------------------------------------------
13047954
53308993
84808313
93680797
131224976
168791146
176897823
204042887
215583306
217319566
221468666
254998661
262693125
263650555
361759233
407758392
424529871
439168458
443899612
491261575
495600870
501217475
520041990
537580409
541528702
546153953
559201907
565802120
581967472
589574233
590806837
592884221
629253775
636709371
689847562
754372280
761598360
786686515
803457994
807681273
808126404
813297878
813607195
832288263
841469326
996818345
1035075861
1039369964
1087668531
1090239653
1093781686
1101229683
1119884174
1138184334
1242332049
1262572833
1274563561
1282731783
1313445234
1322508242
1341232403
1352405198
1382200696
1401190858
1411857185
1418684766
1448697629
1470723101
1503650211
1517571494
1583656490
1603669362
1605172085
1611145749
1648050832
1661809273
1675507740
1732242942
1743549524
1746249155
1768555525
1782094251
1797441401
1821538252
1831057468
1835403244
1839211457
1856034389
1921232848
1952420395
1954168748
1998933285
2023692201
2025581139
2049071697
2069567665
2077951404
2084981704
2099538967
2129810443
Segundos: 2.9717e-05
Nanosegundos: 29717
---------------------------------------------
13047954
53308993
84808313
93680797
131224976
168791146
176897823
204042887
215583306
217319566
221468666
254998661
262693125
263650555
361759233
407758392
424529871
439168458
443899612
491261575
495600870
501217475
520041990
537580409
541528702
546153953
559201907
565802120
581967472
589574233
590806837
592884221
629253775
636709371
689847562
754372280
761598360
786686515
803457994
807681273
808126404
813297878
813607195
832288263
841469326
996818345
1035075861
1039369964
1087668531
1090239653
1093781686
1101229683
1119884174
1138184334
1242332049
1262572833
1274563561
1282731783
1313445234
1322508242
1341232403
1352405198
1382200696
1401190858
1411857185
1418684766
1448697629
1470723101
1503650211
1517571494
1583656490
1603669362
1605172085
1611145749
1648050832
1661809273
1675507740
1732242942
1743549524
1746249155
1768555525
1782094251
1797441401
1821538252
1831057468
1835403244
1839211457
1856034389
1921232848
1952420395
1954168748
1998933285
2023692201
2025581139
2049071697
2069567665
2077951404
2084981704
2099538967
2129810443
Segundos: 4.2129e-05
Nanosegundos: 42129
---------------------------------------------
