77850779
333609913
444792969
453439220
704039302
1009653037
1100405625
1174009872
1253939771
1797369145
Segundos: 1.2428e-05
Nanosegundos: 12428
---------------------------------------------
77850779
333609913
444792969
453439220
704039302
1009653037
1100405625
1174009872
1253939771
1797369145
Segundos: 9.782e-06
Nanosegundos: 9782
---------------------------------------------
77850779
333609913
444792969
453439220
704039302
1009653037
1100405625
1174009872
1253939771
1797369145
Segundos: 8.178e-06
Nanosegundos: 8178
---------------------------------------------
