2103466
4811239
8882915
9403162
10551897
10932037
12065026
12965740
14577047
15250414
17226340
19707734
20412063
25146526
31617794
34902698
35546501
36641877
38324966
39527314
45127490
50074343
50280048
52398867
52964832
53820581
55107909
58302128
59849537
64422835
64642643
65218124
69724899
71797059
73425561
73647854
76362236
77378899
83894068
84005746
87148454
90314024
90676803
94338635
95611643
99997955
100890980
101152747
104062677
106869802
108898854
109479551
110650360
112857259
116639152
119129489
120255654
122624488
125691774
128434072
130409014
131287121
131955262
134728383
134918348
135088775
137083374
138290498
138313665
138348146
140171255
140515608
145699871
147739716
149225746
153693768
154973328
156023002
156024283
158540735
159865773
160430164
160905640
163996787
164311366
164625805
174850824
175014695
175804711
177106583
177238265
178043245
178591813
179691157
179962072
183286217
185998467
188001085
193330558
200090404
200607384
203034451
203620934
203818187
205404412
206514097
206525442
209926734
211431002
211711198
213516184
216087730
216642374
218866103
220769921
220861433
223288147
229959179
233182668
237332926
238131891
238702042
238938684
240854116
242476664
244057092
251973097
255680201
257839625
268324231
270491614
273499805
277046495
278077104
282856200
283023677
286717087
287661669
288159153
289250894
290632055
293084797
294493657
296010144
296460922
300326073
301948549
303827941
307392959
308975884
309307574
310271236
312807172
314013575
316260737
316369749
318379046
318856644
322210334
324545511
329762418
332900035
335390963
339635670
346943530
348137533
348207540
348510599
350769713
353804057
354863866
355245153
355621122
356405855
361191060
362686972
365790942
367876162
370949170
374344559
377510343
378510261
378752495
384777558
387026845
388175510
393352772
393747480
398503401
403625127
406563593
407465857
408886635
409145659
410252253
412530986
413940954
417852897
417876822
420077432
422795221
424529564
424640503
426900252
427889697
428876670
430357891
434998426
435598166
437452149
439114626
439846074
444131028
446666667
448345045
449203594
449394251
452425439
455522185
457330496
462597423
463173848
469285476
472018764
472634948
478187042
478762687
479821077
482193727
482609679
482729538
482738428
484380145
486546570
486815928
490249616
492636205
495685215
499095010
499361990
499374378
504345206
504933655
506224309
507432833
519497859
521043935
523238560
529617810
530320893
530985003
532775265
533650151
535699696
538752978
539206921
540878536
543558785
544779187
545965264
547088742
554640792
555415447
556966918
559127243
559357837
563474384
572370498
574227900
575432720
576702597
580826376
583234171
584228808
585464728
586252242
586752351
593586621
598429341
599372333
599587812
600003258
601004300
602159584
603532664
603637445
610351345
611358553
614796365
620634917
621416363
622444841
626406298
627171846
630009079
631083937
631694295
633797762
635717036
636063200
640589381
641635318
641824739
645163148
646580083
647141342
649692234
653428762
654488743
654664806
658960783
659757663
661498700
663579187
665419918
665589251
665993321
666755680
666810661
669297055
669309376
671279837
671949175
673364068
675759129
679602644
680759453
681648691
682973911
683726916
684267554
686635595
692001859
693133027
697895332
698441364
700438918
703534082
704012430
709407877
711065914
712989920
714479535
718549366
722023125
723105521
726342542
726377225
732468979
735849783
737216977
738645145
741395665
742753951
743475757
743539744
745990977
755682221
758084995
760900673
767909713
773972516
775113328
775226529
779306623
780608407
785073855
787588897
788885479
789577518
791386726
795080724
795824839
797576148
798018452
798254754
798587694
798697885
801495021
802588243
811693193
817425549
817570853
819158787
825125448
827451474
833511434
834355964
837092587
837316283
838725449
843361175
848244338
848297450
848740868
850053645
854361505
855871266
855928387
858173066
859666752
861196522
863487863
864016354
865291821
869954278
872929702
876458820
880905693
888731010
889181380
890986895
892682450
895698939
896550634
896638506
898991586
899048749
903802825
907092761
910290445
910765629
911773720
912021295
913915124
915174939
916863697
917335054
922514981
925913729
930953717
931989444
932153552
939524223
939898904
941073740
941714606
942010630
942844355
942956938
943742419
947707035
959196104
960037130
961804020
963219882
966536554
969647185
971634664
977308707
981635440
982005302
983743517
990380247
993061617
995522930
999055408
999843295
1000869443
1003948792
1006254885
1009287346
1012291347
1013668075
1013987689
1016670737
1017551803
1017767940
1022645541
1023118317
1026793595
1027685692
1028082301
1028493110
1031254396
1032421935
1038448033
1040910774
1042063623
1042079676
1042473086
1043043710
1043824259
1051454275
1051532728
1053028571
1053547400
1054905882
1055022890
1055810814
1060087084
1060484254
1068032688
1068345532
1068775984
1069420766
1071809901
1074737369
1075889446
1077342461
1078990266
1079729160
1084772361
1084872785
1086647106
1086788415
1088144768
1088227572
1095962461
1096279478
1096462058
1099815341
1100032095
1100600961
1101986176
1104058561
1105348677
1105627451
1108528211
1109819513
1111805919
1111894447
1114085973
1119686880
1120467294
1120916046
1123363239
1124852000
1133330385
1134546599
1134597114
1139390628
1139627755
1140871929
1140887470
1141350369
1141955426
1142171345
1142862554
1146307760
1148921205
1149889684
1159500023
1163175907
1163950097
1164704165
1166964850
1168162811
1178249696
1180244832
1183383172
1185039753
1185764136
1186800832
1187053942
1187834842
1189369736
1192676825
1193313388
1197772115
1198400645
1198840813
1198969434
1200838020
1201288947
1201881730
1202162842
1205097236
1207218577
1210384119
1214398456
1216292851
1216405055
1220563574
1225584265
1225989524
1226263973
1230043743
1230075419
1232129132
1236111111
1240917030
1242213619
1244251855
1244770580
1253540638
1255945929
1261915123
1262506320
1263015377
1265467593
1267031830
1267728905
1270455606
1272873870
1274114939
1278254102
1279252992
1279543694
1286418992
1286926096
1287610630
1288966081
1295394515
1296445845
1298819560
1300748543
1303400628
1304131541
1306467774
1312679052
1313865586
1315889459
1318594920
1319721597
1321061259
1323458897
1332755880
1333294973
1334664504
1337794615
1339487829
1342952958
1343790552
1343954128
1345576360
1346109792
1346345704
1347012142
1347221589
1347621770
1350272532
1351153772
1351653694
1352542598
1352796057
1355361773
1356777775
1362590484
1365563579
1368284287
1372773414
1373399848
1374518284
1375267686
1375313321
1377770327
1379239344
1380518308
1380991668
1382713628
1385024214
1387984655
1390918200
1392259299
1392664242
1397717808
1405291203
1409415292
1410564121
1414599997
1415314333
1416170221
1416839825
1417384608
1418897752
1422657598
1429781822
1432949055
1438257991
1439990990
1441200621
1443233414
1443591603
1445049937
1447459334
1448583802
1450916699
1456368031
1458713136
1460481350
1461315295
1461989842
1473002472
1473514660
1474822617
1475700503
1476567147
1478367161
1478440184
1480628315
1480696536
1481595004
1486452701
1487193147
1489944094
1490408668
1493321806
1495610625
1498703423
1498851273
1500239549
1501933940
1502831840
1505860796
1512909693
1514426372
1517751660
1522849670
1525665029
1526760295
1528766782
1529002667
1530241015
1531549085
1533901669
1535435070
1536750892
1537220504
1537334257
1539957307
1540183901
1542090048
1544864399
1545861371
1547042685
1547128920
1547631770
1549232387
1549962264
1550167990
1553700673
1557892606
1558997327
1560342389
1560535540
1564098486
1565496072
1566692063
1567072972
1572315679
1578505254
1580349797
1582083793
1582395379
1583316493
1583398083
1583426666
1583661549
1586576155
1587500553
1589489056
1591553555
1592321828
1592803314
1597671392
1597756075
1598566908
1599001184
1600343886
1601153102
1601931895
1604900115
1609457434
1612338532
1612506273
1618862403
1622622855
1624439140
1625642127
1632820965
1636081042
1641454368
1641658234
1642629866
1646230444
1649264062
1651457912
1655675814
1659215074
1660121880
1665956432
1667476587
1667673214
1672337775
1676818431
1679592202
1680594372
1681034358
1684902804
1685878957
1689885172
1699035705
1705444237
1712080672
1713180260
1716619602
1719054000
1719887620
1720596439
1725340004
1728471845
1733662552
1737581427
1741093665
1742605254
1747471591
1748007384
1748363314
1749553944
1750705296
1757292373
1758587895
1760105841
1763700421
1765778908
1767081791
1770178199
1772334525
1773077518
1776758709
1779667189
1779936942
1780530365
1786103036
1787544579
1791747131
1794244237
1795058667
1796156471
1797137692
1799651367
1802225901
1802436558
1802584927
1804024989
1806438416
1811245991
1816604669
1818317419
1827104692
1827941930
1828086424
1829048973
1831725902
1832141136
1834939006
1844530686
1845447737
1845706307
1846564649
1847047829
1847643761
1847887869
1850048631
1852316984
1855501744
1855844295
1857692564
1858042859
1858726354
1860493244
1860970854
1862004545
1862936972
1863996893
1868814921
1870149632
1873178338
1874715104
1876274523
1883343873
1885122851
1885548707
1890228820
1890641950
1895693824
1896568382
1897992010
1898185764
1898392817
1900752546
1901435827
1903251527
1904158623
1907148018
1914920549
1916935175
1918250608
1919842594
1924453590
1924570686
1925765093
1928017976
1928227828
1928325386
1929807939
1929977016
1930695753
1932064370
1936263344
1936407115
1938202578
1939253893
1940702567
1940821314
1942238751
1948660181
1950390877
1951215060
1952213398
1956203509
1956335076
1957650730
1959036018
1959305575
1960677285
1964828560
1967268993
1969725939
1970218606
1970691057
1973403106
1975787923
1976111969
1976760022
1976973664
1977425773
1979519103
1980797279
1981876043
1985006995
1985245946
1989347541
1990010242
2002310558
2010515527
2011503382
2011613318
2013096341
2014350134
2015957721
2018666134
2022573931
2025823193
2032822487
2033602004
2034363604
2035012279
2036759845
2038936754
2039043044
2040974320
2041006047
2045689022
2045836868
2046880312
2048427115
2050399225
2054950157
2059717436
2060462768
2061173060
2062668992
2065747194
2068859132
2070818552
2073461284
2073676282
2077919407
2080021679
2083650486
2084851979
2087040571
2087337593
2089283674
2089622392
2091516323
2093779543
2094693517
2095055305
2097175767
2097378969
2098072178
2099052844
2100087185
2105967102
2107186727
2107631483
2123816773
2127093616
2128965131
2130436165
2136838913
2137199289
2138037693
2143636656
2143921070
2145716758
2146116454
Segundos: 0.000150834
Nanosegundos: 150834
---------------------------------------------
2103466
4811239
8882915
9403162
10551897
10932037
12065026
12965740
14577047
15250414
17226340
19707734
20412063
25146526
31617794
34902698
35546501
36641877
38324966
39527314
45127490
50074343
50280048
52398867
52964832
53820581
55107909
58302128
59849537
64422835
64642643
65218124
69724899
71797059
73425561
73647854
76362236
77378899
83894068
84005746
87148454
90314024
90676803
94338635
95611643
99997955
100890980
101152747
104062677
106869802
108898854
109479551
110650360
112857259
116639152
119129489
120255654
122624488
125691774
128434072
130409014
131287121
131955262
134728383
134918348
135088775
137083374
138290498
138313665
138348146
140171255
140515608
145699871
147739716
149225746
153693768
154973328
156023002
156024283
158540735
159865773
160430164
160905640
163996787
164311366
164625805
174850824
175014695
175804711
177106583
177238265
178043245
178591813
179691157
179962072
183286217
185998467
188001085
193330558
200090404
200607384
203034451
203620934
203818187
205404412
206514097
206525442
209926734
211431002
211711198
213516184
216087730
216642374
218866103
220769921
220861433
223288147
229959179
233182668
237332926
238131891
238702042
238938684
240854116
242476664
244057092
251973097
255680201
257839625
268324231
270491614
273499805
277046495
278077104
282856200
283023677
286717087
287661669
288159153
289250894
290632055
293084797
294493657
296010144
296460922
300326073
301948549
303827941
307392959
308975884
309307574
310271236
312807172
314013575
316260737
316369749
318379046
318856644
322210334
324545511
329762418
332900035
335390963
339635670
346943530
348137533
348207540
348510599
350769713
353804057
354863866
355245153
355621122
356405855
361191060
362686972
365790942
367876162
370949170
374344559
377510343
378510261
378752495
384777558
387026845
388175510
393352772
393747480
398503401
403625127
406563593
407465857
408886635
409145659
410252253
412530986
413940954
417852897
417876822
420077432
422795221
424529564
424640503
426900252
427889697
428876670
430357891
434998426
435598166
437452149
439114626
439846074
444131028
446666667
448345045
449203594
449394251
452425439
455522185
457330496
462597423
463173848
469285476
472018764
472634948
478187042
478762687
479821077
482193727
482609679
482729538
482738428
484380145
486546570
486815928
490249616
492636205
495685215
499095010
499361990
499374378
504345206
504933655
506224309
507432833
519497859
521043935
523238560
529617810
530320893
530985003
532775265
533650151
535699696
538752978
539206921
540878536
543558785
544779187
545965264
547088742
554640792
555415447
556966918
559127243
559357837
563474384
572370498
574227900
575432720
576702597
580826376
583234171
584228808
585464728
586252242
586752351
593586621
598429341
599372333
599587812
600003258
601004300
602159584
603532664
603637445
610351345
611358553
614796365
620634917
621416363
622444841
626406298
627171846
630009079
631083937
631694295
633797762
635717036
636063200
640589381
641635318
641824739
645163148
646580083
647141342
649692234
653428762
654488743
654664806
658960783
659757663
661498700
663579187
665419918
665589251
665993321
666755680
666810661
669297055
669309376
671279837
671949175
673364068
675759129
679602644
680759453
681648691
682973911
683726916
684267554
686635595
692001859
693133027
697895332
698441364
700438918
703534082
704012430
709407877
711065914
712989920
714479535
718549366
722023125
723105521
726342542
726377225
732468979
735849783
737216977
738645145
741395665
742753951
743475757
743539744
745990977
755682221
758084995
760900673
767909713
773972516
775113328
775226529
779306623
780608407
785073855
787588897
788885479
789577518
791386726
795080724
795824839
797576148
798018452
798254754
798587694
798697885
801495021
802588243
811693193
817425549
817570853
819158787
825125448
827451474
833511434
834355964
837092587
837316283
838725449
843361175
848244338
848297450
848740868
850053645
854361505
855871266
855928387
858173066
859666752
861196522
863487863
864016354
865291821
869954278
872929702
876458820
880905693
888731010
889181380
890986895
892682450
895698939
896550634
896638506
898991586
899048749
903802825
907092761
910290445
910765629
911773720
912021295
913915124
915174939
916863697
917335054
922514981
925913729
930953717
931989444
932153552
939524223
939898904
941073740
941714606
942010630
942844355
942956938
943742419
947707035
959196104
960037130
961804020
963219882
966536554
969647185
971634664
977308707
981635440
982005302
983743517
990380247
993061617
995522930
999055408
999843295
1000869443
1003948792
1006254885
1009287346
1012291347
1013668075
1013987689
1016670737
1017551803
1017767940
1022645541
1023118317
1026793595
1027685692
1028082301
1028493110
1031254396
1032421935
1038448033
1040910774
1042063623
1042079676
1042473086
1043043710
1043824259
1051454275
1051532728
1053028571
1053547400
1054905882
1055022890
1055810814
1060087084
1060484254
1068032688
1068345532
1068775984
1069420766
1071809901
1074737369
1075889446
1077342461
1078990266
1079729160
1084772361
1084872785
1086647106
1086788415
1088144768
1088227572
1095962461
1096279478
1096462058
1099815341
1100032095
1100600961
1101986176
1104058561
1105348677
1105627451
1108528211
1109819513
1111805919
1111894447
1114085973
1119686880
1120467294
1120916046
1123363239
1124852000
1133330385
1134546599
1134597114
1139390628
1139627755
1140871929
1140887470
1141350369
1141955426
1142171345
1142862554
1146307760
1148921205
1149889684
1159500023
1163175907
1163950097
1164704165
1166964850
1168162811
1178249696
1180244832
1183383172
1185039753
1185764136
1186800832
1187053942
1187834842
1189369736
1192676825
1193313388
1197772115
1198400645
1198840813
1198969434
1200838020
1201288947
1201881730
1202162842
1205097236
1207218577
1210384119
1214398456
1216292851
1216405055
1220563574
1225584265
1225989524
1226263973
1230043743
1230075419
1232129132
1236111111
1240917030
1242213619
1244251855
1244770580
1253540638
1255945929
1261915123
1262506320
1263015377
1265467593
1267031830
1267728905
1270455606
1272873870
1274114939
1278254102
1279252992
1279543694
1286418992
1286926096
1287610630
1288966081
1295394515
1296445845
1298819560
1300748543
1303400628
1304131541
1306467774
1312679052
1313865586
1315889459
1318594920
1319721597
1321061259
1323458897
1332755880
1333294973
1334664504
1337794615
1339487829
1342952958
1343790552
1343954128
1345576360
1346109792
1346345704
1347012142
1347221589
1347621770
1350272532
1351153772
1351653694
1352542598
1352796057
1355361773
1356777775
1362590484
1365563579
1368284287
1372773414
1373399848
1374518284
1375267686
1375313321
1377770327
1379239344
1380518308
1380991668
1382713628
1385024214
1387984655
1390918200
1392259299
1392664242
1397717808
1405291203
1409415292
1410564121
1414599997
1415314333
1416170221
1416839825
1417384608
1418897752
1422657598
1429781822
1432949055
1438257991
1439990990
1441200621
1443233414
1443591603
1445049937
1447459334
1448583802
1450916699
1456368031
1458713136
1460481350
1461315295
1461989842
1473002472
1473514660
1474822617
1475700503
1476567147
1478367161
1478440184
1480628315
1480696536
1481595004
1486452701
1487193147
1489944094
1490408668
1493321806
1495610625
1498703423
1498851273
1500239549
1501933940
1502831840
1505860796
1512909693
1514426372
1517751660
1522849670
1525665029
1526760295
1528766782
1529002667
1530241015
1531549085
1533901669
1535435070
1536750892
1537220504
1537334257
1539957307
1540183901
1542090048
1544864399
1545861371
1547042685
1547128920
1547631770
1549232387
1549962264
1550167990
1553700673
1557892606
1558997327
1560342389
1560535540
1564098486
1565496072
1566692063
1567072972
1572315679
1578505254
1580349797
1582083793
1582395379
1583316493
1583398083
1583426666
1583661549
1586576155
1587500553
1589489056
1591553555
1592321828
1592803314
1597671392
1597756075
1598566908
1599001184
1600343886
1601153102
1601931895
1604900115
1609457434
1612338532
1612506273
1618862403
1622622855
1624439140
1625642127
1632820965
1636081042
1641454368
1641658234
1642629866
1646230444
1649264062
1651457912
1655675814
1659215074
1660121880
1665956432
1667476587
1667673214
1672337775
1676818431
1679592202
1680594372
1681034358
1684902804
1685878957
1689885172
1699035705
1705444237
1712080672
1713180260
1716619602
1719054000
1719887620
1720596439
1725340004
1728471845
1733662552
1737581427
1741093665
1742605254
1747471591
1748007384
1748363314
1749553944
1750705296
1757292373
1758587895
1760105841
1763700421
1765778908
1767081791
1770178199
1772334525
1773077518
1776758709
1779667189
1779936942
1780530365
1786103036
1787544579
1791747131
1794244237
1795058667
1796156471
1797137692
1799651367
1802225901
1802436558
1802584927
1804024989
1806438416
1811245991
1816604669
1818317419
1827104692
1827941930
1828086424
1829048973
1831725902
1832141136
1834939006
1844530686
1845447737
1845706307
1846564649
1847047829
1847643761
1847887869
1850048631
1852316984
1855501744
1855844295
1857692564
1858042859
1858726354
1860493244
1860970854
1862004545
1862936972
1863996893
1868814921
1870149632
1873178338
1874715104
1876274523
1883343873
1885122851
1885548707
1890228820
1890641950
1895693824
1896568382
1897992010
1898185764
1898392817
1900752546
1901435827
1903251527
1904158623
1907148018
1914920549
1916935175
1918250608
1919842594
1924453590
1924570686
1925765093
1928017976
1928227828
1928325386
1929807939
1929977016
1930695753
1932064370
1936263344
1936407115
1938202578
1939253893
1940702567
1940821314
1942238751
1948660181
1950390877
1951215060
1952213398
1956203509
1956335076
1957650730
1959036018
1959305575
1960677285
1964828560
1967268993
1969725939
1970218606
1970691057
1973403106
1975787923
1976111969
1976760022
1976973664
1977425773
1979519103
1980797279
1981876043
1985006995
1985245946
1989347541
1990010242
2002310558
2010515527
2011503382
2011613318
2013096341
2014350134
2015957721
2018666134
2022573931
2025823193
2032822487
2033602004
2034363604
2035012279
2036759845
2038936754
2039043044
2040974320
2041006047
2045689022
2045836868
2046880312
2048427115
2050399225
2054950157
2059717436
2060462768
2061173060
2062668992
2065747194
2068859132
2070818552
2073461284
2073676282
2077919407
2080021679
2083650486
2084851979
2087040571
2087337593
2089283674
2089622392
2091516323
2093779543
2094693517
2095055305
2097175767
2097378969
2098072178
2099052844
2100087185
2105967102
2107186727
2107631483
2123816773
2127093616
2128965131
2130436165
2136838913
2137199289
2138037693
2143636656
2143921070
2145716758
2146116454
Segundos: 3.9298e-05
Nanosegundos: 39298
---------------------------------------------
2103466
4811239
8882915
9403162
10551897
10932037
12065026
12965740
14577047
15250414
17226340
19707734
20412063
25146526
31617794
34902698
35546501
36641877
38324966
39527314
45127490
50074343
50280048
52398867
52964832
53820581
55107909
58302128
59849537
64422835
64642643
65218124
69724899
71797059
73425561
73647854
76362236
77378899
83894068
84005746
87148454
90314024
90676803
94338635
95611643
99997955
100890980
101152747
104062677
106869802
108898854
109479551
110650360
112857259
116639152
119129489
120255654
122624488
125691774
128434072
130409014
131287121
131955262
134728383
134918348
135088775
137083374
138290498
138313665
138348146
140171255
140515608
145699871
147739716
149225746
153693768
154973328
156023002
156024283
158540735
159865773
160430164
160905640
163996787
164311366
164625805
174850824
175014695
175804711
177106583
177238265
178043245
178591813
179691157
179962072
183286217
185998467
188001085
193330558
200090404
200607384
203034451
203620934
203818187
205404412
206514097
206525442
209926734
211431002
211711198
213516184
216087730
216642374
218866103
220769921
220861433
223288147
229959179
233182668
237332926
238131891
238702042
238938684
240854116
242476664
244057092
251973097
255680201
257839625
268324231
270491614
273499805
277046495
278077104
282856200
283023677
286717087
287661669
288159153
289250894
290632055
293084797
294493657
296010144
296460922
300326073
301948549
303827941
307392959
308975884
309307574
310271236
312807172
314013575
316260737
316369749
318379046
318856644
322210334
324545511
329762418
332900035
335390963
339635670
346943530
348137533
348207540
348510599
350769713
353804057
354863866
355245153
355621122
356405855
361191060
362686972
365790942
367876162
370949170
374344559
377510343
378510261
378752495
384777558
387026845
388175510
393352772
393747480
398503401
403625127
406563593
407465857
408886635
409145659
410252253
412530986
413940954
417852897
417876822
420077432
422795221
424529564
424640503
426900252
427889697
428876670
430357891
434998426
435598166
437452149
439114626
439846074
444131028
446666667
448345045
449203594
449394251
452425439
455522185
457330496
462597423
463173848
469285476
472018764
472634948
478187042
478762687
479821077
482193727
482609679
482729538
482738428
484380145
486546570
486815928
490249616
492636205
495685215
499095010
499361990
499374378
504345206
504933655
506224309
507432833
519497859
521043935
523238560
529617810
530320893
530985003
532775265
533650151
535699696
538752978
539206921
540878536
543558785
544779187
545965264
547088742
554640792
555415447
556966918
559127243
559357837
563474384
572370498
574227900
575432720
576702597
580826376
583234171
584228808
585464728
586252242
586752351
593586621
598429341
599372333
599587812
600003258
601004300
602159584
603532664
603637445
610351345
611358553
614796365
620634917
621416363
622444841
626406298
627171846
630009079
631083937
631694295
633797762
635717036
636063200
640589381
641635318
641824739
645163148
646580083
647141342
649692234
653428762
654488743
654664806
658960783
659757663
661498700
663579187
665419918
665589251
665993321
666755680
666810661
669297055
669309376
671279837
671949175
673364068
675759129
679602644
680759453
681648691
682973911
683726916
684267554
686635595
692001859
693133027
697895332
698441364
700438918
703534082
704012430
709407877
711065914
712989920
714479535
718549366
722023125
723105521
726342542
726377225
732468979
735849783
737216977
738645145
741395665
742753951
743475757
743539744
745990977
755682221
758084995
760900673
767909713
773972516
775113328
775226529
779306623
780608407
785073855
787588897
788885479
789577518
791386726
795080724
795824839
797576148
798018452
798254754
798587694
798697885
801495021
802588243
811693193
817425549
817570853
819158787
825125448
827451474
833511434
834355964
837092587
837316283
838725449
843361175
848244338
848297450
848740868
850053645
854361505
855871266
855928387
858173066
859666752
861196522
863487863
864016354
865291821
869954278
872929702
876458820
880905693
888731010
889181380
890986895
892682450
895698939
896550634
896638506
898991586
899048749
903802825
907092761
910290445
910765629
911773720
912021295
913915124
915174939
916863697
917335054
922514981
925913729
930953717
931989444
932153552
939524223
939898904
941073740
941714606
942010630
942844355
942956938
943742419
947707035
959196104
960037130
961804020
963219882
966536554
969647185
971634664
977308707
981635440
982005302
983743517
990380247
993061617
995522930
999055408
999843295
1000869443
1003948792
1006254885
1009287346
1012291347
1013668075
1013987689
1016670737
1017551803
1017767940
1022645541
1023118317
1026793595
1027685692
1028082301
1028493110
1031254396
1032421935
1038448033
1040910774
1042063623
1042079676
1042473086
1043043710
1043824259
1051454275
1051532728
1053028571
1053547400
1054905882
1055022890
1055810814
1060087084
1060484254
1068032688
1068345532
1068775984
1069420766
1071809901
1074737369
1075889446
1077342461
1078990266
1079729160
1084772361
1084872785
1086647106
1086788415
1088144768
1088227572
1095962461
1096279478
1096462058
1099815341
1100032095
1100600961
1101986176
1104058561
1105348677
1105627451
1108528211
1109819513
1111805919
1111894447
1114085973
1119686880
1120467294
1120916046
1123363239
1124852000
1133330385
1134546599
1134597114
1139390628
1139627755
1140871929
1140887470
1141350369
1141955426
1142171345
1142862554
1146307760
1148921205
1149889684
1159500023
1163175907
1163950097
1164704165
1166964850
1168162811
1178249696
1180244832
1183383172
1185039753
1185764136
1186800832
1187053942
1187834842
1189369736
1192676825
1193313388
1197772115
1198400645
1198840813
1198969434
1200838020
1201288947
1201881730
1202162842
1205097236
1207218577
1210384119
1214398456
1216292851
1216405055
1220563574
1225584265
1225989524
1226263973
1230043743
1230075419
1232129132
1236111111
1240917030
1242213619
1244251855
1244770580
1253540638
1255945929
1261915123
1262506320
1263015377
1265467593
1267031830
1267728905
1270455606
1272873870
1274114939
1278254102
1279252992
1279543694
1286418992
1286926096
1287610630
1288966081
1295394515
1296445845
1298819560
1300748543
1303400628
1304131541
1306467774
1312679052
1313865586
1315889459
1318594920
1319721597
1321061259
1323458897
1332755880
1333294973
1334664504
1337794615
1339487829
1342952958
1343790552
1343954128
1345576360
1346109792
1346345704
1347012142
1347221589
1347621770
1350272532
1351153772
1351653694
1352542598
1352796057
1355361773
1356777775
1362590484
1365563579
1368284287
1372773414
1373399848
1374518284
1375267686
1375313321
1377770327
1379239344
1380518308
1380991668
1382713628
1385024214
1387984655
1390918200
1392259299
1392664242
1397717808
1405291203
1409415292
1410564121
1414599997
1415314333
1416170221
1416839825
1417384608
1418897752
1422657598
1429781822
1432949055
1438257991
1439990990
1441200621
1443233414
1443591603
1445049937
1447459334
1448583802
1450916699
1456368031
1458713136
1460481350
1461315295
1461989842
1473002472
1473514660
1474822617
1475700503
1476567147
1478367161
1478440184
1480628315
1480696536
1481595004
1486452701
1487193147
1489944094
1490408668
1493321806
1495610625
1498703423
1498851273
1500239549
1501933940
1502831840
1505860796
1512909693
1514426372
1517751660
1522849670
1525665029
1526760295
1528766782
1529002667
1530241015
1531549085
1533901669
1535435070
1536750892
1537220504
1537334257
1539957307
1540183901
1542090048
1544864399
1545861371
1547042685
1547128920
1547631770
1549232387
1549962264
1550167990
1553700673
1557892606
1558997327
1560342389
1560535540
1564098486
1565496072
1566692063
1567072972
1572315679
1578505254
1580349797
1582083793
1582395379
1583316493
1583398083
1583426666
1583661549
1586576155
1587500553
1589489056
1591553555
1592321828
1592803314
1597671392
1597756075
1598566908
1599001184
1600343886
1601153102
1601931895
1604900115
1609457434
1612338532
1612506273
1618862403
1622622855
1624439140
1625642127
1632820965
1636081042
1641454368
1641658234
1642629866
1646230444
1649264062
1651457912
1655675814
1659215074
1660121880
1665956432
1667476587
1667673214
1672337775
1676818431
1679592202
1680594372
1681034358
1684902804
1685878957
1689885172
1699035705
1705444237
1712080672
1713180260
1716619602
1719054000
1719887620
1720596439
1725340004
1728471845
1733662552
1737581427
1741093665
1742605254
1747471591
1748007384
1748363314
1749553944
1750705296
1757292373
1758587895
1760105841
1763700421
1765778908
1767081791
1770178199
1772334525
1773077518
1776758709
1779667189
1779936942
1780530365
1786103036
1787544579
1791747131
1794244237
1795058667
1796156471
1797137692
1799651367
1802225901
1802436558
1802584927
1804024989
1806438416
1811245991
1816604669
1818317419
1827104692
1827941930
1828086424
1829048973
1831725902
1832141136
1834939006
1844530686
1845447737
1845706307
1846564649
1847047829
1847643761
1847887869
1850048631
1852316984
1855501744
1855844295
1857692564
1858042859
1858726354
1860493244
1860970854
1862004545
1862936972
1863996893
1868814921
1870149632
1873178338
1874715104
1876274523
1883343873
1885122851
1885548707
1890228820
1890641950
1895693824
1896568382
1897992010
1898185764
1898392817
1900752546
1901435827
1903251527
1904158623
1907148018
1914920549
1916935175
1918250608
1919842594
1924453590
1924570686
1925765093
1928017976
1928227828
1928325386
1929807939
1929977016
1930695753
1932064370
1936263344
1936407115
1938202578
1939253893
1940702567
1940821314
1942238751
1948660181
1950390877
1951215060
1952213398
1956203509
1956335076
1957650730
1959036018
1959305575
1960677285
1964828560
1967268993
1969725939
1970218606
1970691057
1973403106
1975787923
1976111969
1976760022
1976973664
1977425773
1979519103
1980797279
1981876043
1985006995
1985245946
1989347541
1990010242
2002310558
2010515527
2011503382
2011613318
2013096341
2014350134
2015957721
2018666134
2022573931
2025823193
2032822487
2033602004
2034363604
2035012279
2036759845
2038936754
2039043044
2040974320
2041006047
2045689022
2045836868
2046880312
2048427115
2050399225
2054950157
2059717436
2060462768
2061173060
2062668992
2065747194
2068859132
2070818552
2073461284
2073676282
2077919407
2080021679
2083650486
2084851979
2087040571
2087337593
2089283674
2089622392
2091516323
2093779543
2094693517
2095055305
2097175767
2097378969
2098072178
2099052844
2100087185
2105967102
2107186727
2107631483
2123816773
2127093616
2128965131
2130436165
2136838913
2137199289
2138037693
2143636656
2143921070
2145716758
2146116454
Segundos: 5.8408e-05
Nanosegundos: 58408
---------------------------------------------
1303095
2117546
2217545
2808699
3554058
6087854
8121929
10414410
14340799
17125639
17614444
19448645
20425228
20643317
21257826
21598931
22442334
23539927
23602975
25469718
25878372
27473143
28161374
34487744
37009193
37137400
38062741
39385710
41347810
41627728
43933050
47513305
48599863
49679200
51407143
52948751
55416445
60677327
64911476
66491664
69370608
69425256
69929075
70237074
72525363
72869732
73022717
75521099
77398459
77521782
78928714
80062066
81995791
84689172
87237829
89585472
96434805
103556322
106354488
107136657
109920397
111436903
111979044
112059875
117565216
118357838
119228270
119532008
122849939
123410477
130739632
132273696
133330436
137023364
138468736
140998265
144892243
147567625
150840950
152295427
152567421
152997565
157077971
157474537
157743548
157819501
160364461
160755698
162398050
164173182
164610766
165449994
167343527
170289596
173724181
176537492
176798310
177881338
178716219
179589388
181572601
182096075
184509331
184724569
186810879
191724146
192259132
193712159
195563676
197634054
202416648
202902614
206005818
209874762
211898481
213732628
219232985
222907526
231664970
233772040
236672262
237214820
240379226
244549859
248319697
249339318
249899526
251518524
254236859
257381849
264786635
269022868
275145367
277765157
285306615
285575488
289008786
291525120
292557727
294984506
295484736
295689515
298847186
300070833
301332689
305732093
308758332
309065425
310196917
311619914
319071648
319686494
320087116
321311665
333659222
336269392
337579671
339078034
339747076
340222701
344731651
345040914
349235375
354500441
356307756
358536178
362058395
366648359
367036447
370307907
371207078
372334776
378859247
382449332
383789940
384121293
386422374
387314138
390656477
391447021
400487269
404536771
407616490
411532861
411771157
412027643
412513528
413430358
415535733
416838828
417533423
419419324
420855441
421869983
422600366
422857627
423692311
425668138
429634769
436622903
438470032
439028046
442231344
442604051
443951567
445003469
445444564
446955347
449371228
450956020
452279471
454027015
457626721
460266648
460311143
461255693
463635692
463831760
468841829
469473750
471997954
472594967
474007509
479126341
479473438
480283938
482511029
485283376
487247808
487500921
489815452
490612446
495555210
496038892
499307116
500575092
502074959
507287715
511306172
515971486
519803280
519941980
531833068
531849245
534357634
535025180
536139606
542540807
549365979
551661246
552668247
556427228
559785543
562202832
565765367
566414365
566470089
569001050
569895874
570470929
570822111
573208540
574833374
575694559
577511696
580134534
581877192
581910728
582658049
586514062
586638426
586885247
588066773
590187363
601238058
602672321
604180531
604401188
604672430
610299305
610983374
614274430
615979662
616221372
616332972
618948086
618999241
622726813
627071496
628040022
634942312
635733588
643280594
644948179
645978384
649456559
650820716
651903304
654798402
656835878
657220616
659275651
660365379
660903477
665883633
668587804
673678309
675716191
676716077
677151843
679337366
680959968
681094820
683132008
687136536
690894576
691208512
692182420
692233479
696875365
697205239
699558677
699690214
700855547
701643938
704057871
704977573
707000551
707012150
708080777
708389873
709208640
714163296
716580966
719927710
720201995
720274493
724469352
724655273
724679401
725793685
726236974
729092739
730727015
732073439
734245476
734264307
737096436
738060475
739081483
739351729
747937488
747987789
748805683
750162297
750573652
750871410
751868969
754373663
754567767
756080557
757265160
760006268
760916138
762965264
763610126
765061761
768527573
770420678
771519815
771723774
773786763
783721505
791316411
791385564
791770378
798224004
800520688
802047204
803966781
810464785
813483103
814473601
816484473
818906321
820904157
824010004
824334922
824434515
825069315
826974210
829794999
831492692
836918119
838243735
838742496
842601837
844056588
845236955
847756985
855671504
856529528
860067718
861504068
861644153
866865163
866980418
867051020
871287671
875907191
876807951
880159102
880393860
881412884
888600539
891291060
895705651
900044452
904437840
904636132
906598043
906725543
907127946
907581023
909403970
915191814
916760943
918194827
921232515
921488417
926906532
929415222
929774238
933930401
936646522
936973176
937865485
938975384
947527874
947914320
948759113
950374466
951673241
952320615
953012403
954663106
955096004
958521984
962068695
964604038
966373557
969625346
969850729
969883471
970895315
971968276
973671262
974086579
978620704
979285669
981262991
981460575
982480667
983236616
986202970
988852887
989014731
992752820
994263121
997593520
999723807
1000369323
1004311554
1006665768
1013133289
1016819834
1020698029
1021001880
1022921628
1023969848
1025560383
1025826472
1028178750
1030376606
1031675657
1032791414
1035468912
1035861588
1036818867
1041215937
1041388917
1042634680
1048806156
1052795832
1054064319
1055242213
1056704332
1058923930
1063334731
1063547386
1068978739
1069617861
1069819463
1072583666
1073173115
1073871278
1075426320
1079214734
1083752039
1087597959
1088455677
1091903526
1093515390
1093898924
1100921061
1102543923
1105259322
1105906947
1108212277
1114871079
1120807446
1121127610
1122119274
1122190121
1123983811
1124197140
1125480131
1126799434
1127172776
1127697676
1131106506
1132105740
1132942409
1136649435
1136957480
1139898498
1140585758
1141643828
1141830746
1143840050
1146262748
1146401076
1147423825
1153156642
1153858293
1159091769
1160716779
1161330216
1161990153
1166384348
1167356812
1168514184
1174190605
1174238906
1174678322
1174740382
1180349596
1180741129
1182933298
1183029450
1184008694
1188562602
1190515658
1194300832
1194858705
1195853182
1200034421
1200842023
1204148440
1205435955
1205599691
1213463859
1213464076
1215392145
1216849421
1217475909
1218935334
1219050018
1219423448
1223283550
1224310757
1224793731
1225746443
1231376789
1233350319
1237093174
1238692827
1240600572
1241967938
1242511981
1243373176
1243698839
1247598816
1253747660
1261094502
1261846138
1263844829
1264082783
1267143510
1267343040
1268875899
1274920772
1275555521
1278820846
1283346114
1283915663
1284619433
1284691155
1285906723
1286777162
1288696994
1289968614
1293169965
1294071980
1294123972
1298083603
1298867026
1299737831
1300016529
1306079066
1307029579
1310575973
1317191613
1319017599
1319506008
1321044581
1321310545
1326872158
1328846432
1331548784
1332306598
1333169374
1335641095
1339367920
1341166987
1344926129
1347730454
1350182465
1352160510
1358461371
1365121800
1366550811
1367500254
1371266901
1371642990
1373296292
1375208971
1376407143
1376835662
1376878178
1377884556
1378512480
1379633653
1383875461
1384639432
1388780475
1390768238
1391529842
1398627380
1401042374
1402949393
1404754133
1405723208
1408454684
1409366169
1411163566
1411323406
1413058350
1413692350
1415445018
1418211169
1423798972
1424569754
1424685873
1425794914
1431734077
1435800036
1437041087
1443454117
1443620811
1446429510
1448300966
1449038128
1449429860
1455238198
1456533261
1459423885
1459437696
1463022240
1463046138
1468103221
1468286383
1468298561
1472015164
1473785304
1474532006
1475881516
1476343580
1476729729
1478724325
1479689385
1480570107
1482201795
1483839011
1484476942
1484851658
1486081689
1486192358
1486728524
1496189959
1508978293
1509372855
1509601424
1511678840
1514929993
1517564063
1523411866
1526498495
1526541335
1528794493
1529827503
1534041769
1534231110
1534479686
1534595795
1536284479
1539707407
1551094340
1556875179
1557409628
1558829336
1559737869
1563101576
1566428484
1568034556
1570093387
1571076840
1573904679
1574029107
1574752427
1577481024
1578824780
1580091652
1583200199
1584439427
1587458736
1588739753
1589912967
1596352676
1596604410
1597561068
1598682395
1598740589
1601499350
1611008694
1611919265
1615198597
1615418229
1616097658
1617727994
1619396771
1628019003
1629038886
1630716884
1633578466
1635802297
1637137936
1638487968
1641464679
1643328619
1648552657
1652940876
1655523097
1658585413
1660680192
1660833858
1660981195
1664464072
1664673267
1666093010
1666134984
1669128892
1669647068
1671564268
1677805836
1677976057
1678222496
1687795868
1688583504
1689599964
1694672784
1698898324
1699564534
1701142587
1703971757
1704197726
1704379833
1707921197
1708221097
1713982653
1718045808
1720878366
1721901648
1723617873
1728160475
1730063998
1733925320
1734815732
1734861325
1735105585
1741309954
1741900023
1742071484
1743666811
1745529278
1746193113
1746194947
1750939684
1755399432
1755778277
1763776135
1768541033
1768715324
1771691726
1771930676
1775495565
1775602315
1775675397
1777948555
1778647659
1779826227
1780152470
1781677095
1784832440
1785427356
1786193517
1789094889
1791040435
1793402209
1795401531
1795787054
1798173827
1800534316
1803150089
1804671673
1806259879
1806482874
1806806575
1808646825
1809658486
1811233590
1815969593
1816104397
1819302286
1819521742
1826255220
1829848151
1831333108
1831656956
1833238720
1840467449
1842167061
1842615366
1846697190
1848424324
1851339076
1855437270
1858207868
1863454294
1865667141
1867705263
1868446204
1871583677
1871613792
1871726686
1873526145
1874237000
1877128091
1879735422
1879913178
1881049535
1884451544
1885767477
1886791737
1888324347
1890636430
1891000152
1894780615
1895115812
1897492165
1902676334
1902939482
1904262418
1908054519
1917938623
1919239991
1923101562
1923271323
1923865694
1924663865
1929283483
1929349613
1937032268
1941313609
1944721442
1945298595
1946083459
1953114814
1953705655
1958033808
1959585656
1960061686
1964188076
1965388949
1966466326
1967251837
1967838745
1968197648
1972131262
1972442089
1973604220
1974292784
1975739972
1978748866
1978942013
1980747537
1987711187
1988411080
1989099692
1990138646
1991307169
1993096926
1994261089
1996544816
2004418923
2004420344
2005819146
2008001388
2009122100
2009716736
2015330829
2016776887
2019049341
2019689462
2020233849
2024063950
2025199596
2033475701
2035532836
2038289327
2038794151
2040307167
2042366355
2044455893
2051814566
2056678639
2056985999
2062144123
2065589698
2066960672
2070637766
2073649111
2076322579
2076958000
2081636052
2083775292
2084063521
2085028326
2089576993
2091909513
2095479465
2097880715
2099818674
2099950436
2100470696
2104893792
2105014050
2108054524
2115959662
2119871427
2120755129
2122418526
2124451044
2126604976
2126780782
2128025500
2129034166
2130899683
2131295688
2133940735
2134123928
2135111434
2136076732
2136104433
2137796647
2139925694
2140355261
2142012390
2142841762
2146299140
Segundos: 0.000152686
Nanosegundos: 152686
---------------------------------------------
1303095
2117546
2217545
2808699
3554058
6087854
8121929
10414410
14340799
17125639
17614444
19448645
20425228
20643317
21257826
21598931
22442334
23539927
23602975
25469718
25878372
27473143
28161374
34487744
37009193
37137400
38062741
39385710
41347810
41627728
43933050
47513305
48599863
49679200
51407143
52948751
55416445
60677327
64911476
66491664
69370608
69425256
69929075
70237074
72525363
72869732
73022717
75521099
77398459
77521782
78928714
80062066
81995791
84689172
87237829
89585472
96434805
103556322
106354488
107136657
109920397
111436903
111979044
112059875
117565216
118357838
119228270
119532008
122849939
123410477
130739632
132273696
133330436
137023364
138468736
140998265
144892243
147567625
150840950
152295427
152567421
152997565
157077971
157474537
157743548
157819501
160364461
160755698
162398050
164173182
164610766
165449994
167343527
170289596
173724181
176537492
176798310
177881338
178716219
179589388
181572601
182096075
184509331
184724569
186810879
191724146
192259132
193712159
195563676
197634054
202416648
202902614
206005818
209874762
211898481
213732628
219232985
222907526
231664970
233772040
236672262
237214820
240379226
244549859
248319697
249339318
249899526
251518524
254236859
257381849
264786635
269022868
275145367
277765157
285306615
285575488
289008786
291525120
292557727
294984506
295484736
295689515
298847186
300070833
301332689
305732093
308758332
309065425
310196917
311619914
319071648
319686494
320087116
321311665
333659222
336269392
337579671
339078034
339747076
340222701
344731651
345040914
349235375
354500441
356307756
358536178
362058395
366648359
367036447
370307907
371207078
372334776
378859247
382449332
383789940
384121293
386422374
387314138
390656477
391447021
400487269
404536771
407616490
411532861
411771157
412027643
412513528
413430358
415535733
416838828
417533423
419419324
420855441
421869983
422600366
422857627
423692311
425668138
429634769
436622903
438470032
439028046
442231344
442604051
443951567
445003469
445444564
446955347
449371228
450956020
452279471
454027015
457626721
460266648
460311143
461255693
463635692
463831760
468841829
469473750
471997954
472594967
474007509
479126341
479473438
480283938
482511029
485283376
487247808
487500921
489815452
490612446
495555210
496038892
499307116
500575092
502074959
507287715
511306172
515971486
519803280
519941980
531833068
531849245
534357634
535025180
536139606
542540807
549365979
551661246
552668247
556427228
559785543
562202832
565765367
566414365
566470089
569001050
569895874
570470929
570822111
573208540
574833374
575694559
577511696
580134534
581877192
581910728
582658049
586514062
586638426
586885247
588066773
590187363
601238058
602672321
604180531
604401188
604672430
610299305
610983374
614274430
615979662
616221372
616332972
618948086
618999241
622726813
627071496
628040022
634942312
635733588
643280594
644948179
645978384
649456559
650820716
651903304
654798402
656835878
657220616
659275651
660365379
660903477
665883633
668587804
673678309
675716191
676716077
677151843
679337366
680959968
681094820
683132008
687136536
690894576
691208512
692182420
692233479
696875365
697205239
699558677
699690214
700855547
701643938
704057871
704977573
707000551
707012150
708080777
708389873
709208640
714163296
716580966
719927710
720201995
720274493
724469352
724655273
724679401
725793685
726236974
729092739
730727015
732073439
734245476
734264307
737096436
738060475
739081483
739351729
747937488
747987789
748805683
750162297
750573652
750871410
751868969
754373663
754567767
756080557
757265160
760006268
760916138
762965264
763610126
765061761
768527573
770420678
771519815
771723774
773786763
783721505
791316411
791385564
791770378
798224004
800520688
802047204
803966781
810464785
813483103
814473601
816484473
818906321
820904157
824010004
824334922
824434515
825069315
826974210
829794999
831492692
836918119
838243735
838742496
842601837
844056588
845236955
847756985
855671504
856529528
860067718
861504068
861644153
866865163
866980418
867051020
871287671
875907191
876807951
880159102
880393860
881412884
888600539
891291060
895705651
900044452
904437840
904636132
906598043
906725543
907127946
907581023
909403970
915191814
916760943
918194827
921232515
921488417
926906532
929415222
929774238
933930401
936646522
936973176
937865485
938975384
947527874
947914320
948759113
950374466
951673241
952320615
953012403
954663106
955096004
958521984
962068695
964604038
966373557
969625346
969850729
969883471
970895315
971968276
973671262
974086579
978620704
979285669
981262991
981460575
982480667
983236616
986202970
988852887
989014731
992752820
994263121
997593520
999723807
1000369323
1004311554
1006665768
1013133289
1016819834
1020698029
1021001880
1022921628
1023969848
1025560383
1025826472
1028178750
1030376606
1031675657
1032791414
1035468912
1035861588
1036818867
1041215937
1041388917
1042634680
1048806156
1052795832
1054064319
1055242213
1056704332
1058923930
1063334731
1063547386
1068978739
1069617861
1069819463
1072583666
1073173115
1073871278
1075426320
1079214734
1083752039
1087597959
1088455677
1091903526
1093515390
1093898924
1100921061
1102543923
1105259322
1105906947
1108212277
1114871079
1120807446
1121127610
1122119274
1122190121
1123983811
1124197140
1125480131
1126799434
1127172776
1127697676
1131106506
1132105740
1132942409
1136649435
1136957480
1139898498
1140585758
1141643828
1141830746
1143840050
1146262748
1146401076
1147423825
1153156642
1153858293
1159091769
1160716779
1161330216
1161990153
1166384348
1167356812
1168514184
1174190605
1174238906
1174678322
1174740382
1180349596
1180741129
1182933298
1183029450
1184008694
1188562602
1190515658
1194300832
1194858705
1195853182
1200034421
1200842023
1204148440
1205435955
1205599691
1213463859
1213464076
1215392145
1216849421
1217475909
1218935334
1219050018
1219423448
1223283550
1224310757
1224793731
1225746443
1231376789
1233350319
1237093174
1238692827
1240600572
1241967938
1242511981
1243373176
1243698839
1247598816
1253747660
1261094502
1261846138
1263844829
1264082783
1267143510
1267343040
1268875899
1274920772
1275555521
1278820846
1283346114
1283915663
1284619433
1284691155
1285906723
1286777162
1288696994
1289968614
1293169965
1294071980
1294123972
1298083603
1298867026
1299737831
1300016529
1306079066
1307029579
1310575973
1317191613
1319017599
1319506008
1321044581
1321310545
1326872158
1328846432
1331548784
1332306598
1333169374
1335641095
1339367920
1341166987
1344926129
1347730454
1350182465
1352160510
1358461371
1365121800
1366550811
1367500254
1371266901
1371642990
1373296292
1375208971
1376407143
1376835662
1376878178
1377884556
1378512480
1379633653
1383875461
1384639432
1388780475
1390768238
1391529842
1398627380
1401042374
1402949393
1404754133
1405723208
1408454684
1409366169
1411163566
1411323406
1413058350
1413692350
1415445018
1418211169
1423798972
1424569754
1424685873
1425794914
1431734077
1435800036
1437041087
1443454117
1443620811
1446429510
1448300966
1449038128
1449429860
1455238198
1456533261
1459423885
1459437696
1463022240
1463046138
1468103221
1468286383
1468298561
1472015164
1473785304
1474532006
1475881516
1476343580
1476729729
1478724325
1479689385
1480570107
1482201795
1483839011
1484476942
1484851658
1486081689
1486192358
1486728524
1496189959
1508978293
1509372855
1509601424
1511678840
1514929993
1517564063
1523411866
1526498495
1526541335
1528794493
1529827503
1534041769
1534231110
1534479686
1534595795
1536284479
1539707407
1551094340
1556875179
1557409628
1558829336
1559737869
1563101576
1566428484
1568034556
1570093387
1571076840
1573904679
1574029107
1574752427
1577481024
1578824780
1580091652
1583200199
1584439427
1587458736
1588739753
1589912967
1596352676
1596604410
1597561068
1598682395
1598740589
1601499350
1611008694
1611919265
1615198597
1615418229
1616097658
1617727994
1619396771
1628019003
1629038886
1630716884
1633578466
1635802297
1637137936
1638487968
1641464679
1643328619
1648552657
1652940876
1655523097
1658585413
1660680192
1660833858
1660981195
1664464072
1664673267
1666093010
1666134984
1669128892
1669647068
1671564268
1677805836
1677976057
1678222496
1687795868
1688583504
1689599964
1694672784
1698898324
1699564534
1701142587
1703971757
1704197726
1704379833
1707921197
1708221097
1713982653
1718045808
1720878366
1721901648
1723617873
1728160475
1730063998
1733925320
1734815732
1734861325
1735105585
1741309954
1741900023
1742071484
1743666811
1745529278
1746193113
1746194947
1750939684
1755399432
1755778277
1763776135
1768541033
1768715324
1771691726
1771930676
1775495565
1775602315
1775675397
1777948555
1778647659
1779826227
1780152470
1781677095
1784832440
1785427356
1786193517
1789094889
1791040435
1793402209
1795401531
1795787054
1798173827
1800534316
1803150089
1804671673
1806259879
1806482874
1806806575
1808646825
1809658486
1811233590
1815969593
1816104397
1819302286
1819521742
1826255220
1829848151
1831333108
1831656956
1833238720
1840467449
1842167061
1842615366
1846697190
1848424324
1851339076
1855437270
1858207868
1863454294
1865667141
1867705263
1868446204
1871583677
1871613792
1871726686
1873526145
1874237000
1877128091
1879735422
1879913178
1881049535
1884451544
1885767477
1886791737
1888324347
1890636430
1891000152
1894780615
1895115812
1897492165
1902676334
1902939482
1904262418
1908054519
1917938623
1919239991
1923101562
1923271323
1923865694
1924663865
1929283483
1929349613
1937032268
1941313609
1944721442
1945298595
1946083459
1953114814
1953705655
1958033808
1959585656
1960061686
1964188076
1965388949
1966466326
1967251837
1967838745
1968197648
1972131262
1972442089
1973604220
1974292784
1975739972
1978748866
1978942013
1980747537
1987711187
1988411080
1989099692
1990138646
1991307169
1993096926
1994261089
1996544816
2004418923
2004420344
2005819146
2008001388
2009122100
2009716736
2015330829
2016776887
2019049341
2019689462
2020233849
2024063950
2025199596
2033475701
2035532836
2038289327
2038794151
2040307167
2042366355
2044455893
2051814566
2056678639
2056985999
2062144123
2065589698
2066960672
2070637766
2073649111
2076322579
2076958000
2081636052
2083775292
2084063521
2085028326
2089576993
2091909513
2095479465
2097880715
2099818674
2099950436
2100470696
2104893792
2105014050
2108054524
2115959662
2119871427
2120755129
2122418526
2124451044
2126604976
2126780782
2128025500
2129034166
2130899683
2131295688
2133940735
2134123928
2135111434
2136076732
2136104433
2137796647
2139925694
2140355261
2142012390
2142841762
2146299140
Segundos: 3.9944e-05
Nanosegundos: 39944
---------------------------------------------
1303095
2117546
2217545
2808699
3554058
6087854
8121929
10414410
14340799
17125639
17614444
19448645
20425228
20643317
21257826
21598931
22442334
23539927
23602975
25469718
25878372
27473143
28161374
34487744
37009193
37137400
38062741
39385710
41347810
41627728
43933050
47513305
48599863
49679200
51407143
52948751
55416445
60677327
64911476
66491664
69370608
69425256
69929075
70237074
72525363
72869732
73022717
75521099
77398459
77521782
78928714
80062066
81995791
84689172
87237829
89585472
96434805
103556322
106354488
107136657
109920397
111436903
111979044
112059875
117565216
118357838
119228270
119532008
122849939
123410477
130739632
132273696
133330436
137023364
138468736
140998265
144892243
147567625
150840950
152295427
152567421
152997565
157077971
157474537
157743548
157819501
160364461
160755698
162398050
164173182
164610766
165449994
167343527
170289596
173724181
176537492
176798310
177881338
178716219
179589388
181572601
182096075
184509331
184724569
186810879
191724146
192259132
193712159
195563676
197634054
202416648
202902614
206005818
209874762
211898481
213732628
219232985
222907526
231664970
233772040
236672262
237214820
240379226
244549859
248319697
249339318
249899526
251518524
254236859
257381849
264786635
269022868
275145367
277765157
285306615
285575488
289008786
291525120
292557727
294984506
295484736
295689515
298847186
300070833
301332689
305732093
308758332
309065425
310196917
311619914
319071648
319686494
320087116
321311665
333659222
336269392
337579671
339078034
339747076
340222701
344731651
345040914
349235375
354500441
356307756
358536178
362058395
366648359
367036447
370307907
371207078
372334776
378859247
382449332
383789940
384121293
386422374
387314138
390656477
391447021
400487269
404536771
407616490
411532861
411771157
412027643
412513528
413430358
415535733
416838828
417533423
419419324
420855441
421869983
422600366
422857627
423692311
425668138
429634769
436622903
438470032
439028046
442231344
442604051
443951567
445003469
445444564
446955347
449371228
450956020
452279471
454027015
457626721
460266648
460311143
461255693
463635692
463831760
468841829
469473750
471997954
472594967
474007509
479126341
479473438
480283938
482511029
485283376
487247808
487500921
489815452
490612446
495555210
496038892
499307116
500575092
502074959
507287715
511306172
515971486
519803280
519941980
531833068
531849245
534357634
535025180
536139606
542540807
549365979
551661246
552668247
556427228
559785543
562202832
565765367
566414365
566470089
569001050
569895874
570470929
570822111
573208540
574833374
575694559
577511696
580134534
581877192
581910728
582658049
586514062
586638426
586885247
588066773
590187363
601238058
602672321
604180531
604401188
604672430
610299305
610983374
614274430
615979662
616221372
616332972
618948086
618999241
622726813
627071496
628040022
634942312
635733588
643280594
644948179
645978384
649456559
650820716
651903304
654798402
656835878
657220616
659275651
660365379
660903477
665883633
668587804
673678309
675716191
676716077
677151843
679337366
680959968
681094820
683132008
687136536
690894576
691208512
692182420
692233479
696875365
697205239
699558677
699690214
700855547
701643938
704057871
704977573
707000551
707012150
708080777
708389873
709208640
714163296
716580966
719927710
720201995
720274493
724469352
724655273
724679401
725793685
726236974
729092739
730727015
732073439
734245476
734264307
737096436
738060475
739081483
739351729
747937488
747987789
748805683
750162297
750573652
750871410
751868969
754373663
754567767
756080557
757265160
760006268
760916138
762965264
763610126
765061761
768527573
770420678
771519815
771723774
773786763
783721505
791316411
791385564
791770378
798224004
800520688
802047204
803966781
810464785
813483103
814473601
816484473
818906321
820904157
824010004
824334922
824434515
825069315
826974210
829794999
831492692
836918119
838243735
838742496
842601837
844056588
845236955
847756985
855671504
856529528
860067718
861504068
861644153
866865163
866980418
867051020
871287671
875907191
876807951
880159102
880393860
881412884
888600539
891291060
895705651
900044452
904437840
904636132
906598043
906725543
907127946
907581023
909403970
915191814
916760943
918194827
921232515
921488417
926906532
929415222
929774238
933930401
936646522
936973176
937865485
938975384
947527874
947914320
948759113
950374466
951673241
952320615
953012403
954663106
955096004
958521984
962068695
964604038
966373557
969625346
969850729
969883471
970895315
971968276
973671262
974086579
978620704
979285669
981262991
981460575
982480667
983236616
986202970
988852887
989014731
992752820
994263121
997593520
999723807
1000369323
1004311554
1006665768
1013133289
1016819834
1020698029
1021001880
1022921628
1023969848
1025560383
1025826472
1028178750
1030376606
1031675657
1032791414
1035468912
1035861588
1036818867
1041215937
1041388917
1042634680
1048806156
1052795832
1054064319
1055242213
1056704332
1058923930
1063334731
1063547386
1068978739
1069617861
1069819463
1072583666
1073173115
1073871278
1075426320
1079214734
1083752039
1087597959
1088455677
1091903526
1093515390
1093898924
1100921061
1102543923
1105259322
1105906947
1108212277
1114871079
1120807446
1121127610
1122119274
1122190121
1123983811
1124197140
1125480131
1126799434
1127172776
1127697676
1131106506
1132105740
1132942409
1136649435
1136957480
1139898498
1140585758
1141643828
1141830746
1143840050
1146262748
1146401076
1147423825
1153156642
1153858293
1159091769
1160716779
1161330216
1161990153
1166384348
1167356812
1168514184
1174190605
1174238906
1174678322
1174740382
1180349596
1180741129
1182933298
1183029450
1184008694
1188562602
1190515658
1194300832
1194858705
1195853182
1200034421
1200842023
1204148440
1205435955
1205599691
1213463859
1213464076
1215392145
1216849421
1217475909
1218935334
1219050018
1219423448
1223283550
1224310757
1224793731
1225746443
1231376789
1233350319
1237093174
1238692827
1240600572
1241967938
1242511981
1243373176
1243698839
1247598816
1253747660
1261094502
1261846138
1263844829
1264082783
1267143510
1267343040
1268875899
1274920772
1275555521
1278820846
1283346114
1283915663
1284619433
1284691155
1285906723
1286777162
1288696994
1289968614
1293169965
1294071980
1294123972
1298083603
1298867026
1299737831
1300016529
1306079066
1307029579
1310575973
1317191613
1319017599
1319506008
1321044581
1321310545
1326872158
1328846432
1331548784
1332306598
1333169374
1335641095
1339367920
1341166987
1344926129
1347730454
1350182465
1352160510
1358461371
1365121800
1366550811
1367500254
1371266901
1371642990
1373296292
1375208971
1376407143
1376835662
1376878178
1377884556
1378512480
1379633653
1383875461
1384639432
1388780475
1390768238
1391529842
1398627380
1401042374
1402949393
1404754133
1405723208
1408454684
1409366169
1411163566
1411323406
1413058350
1413692350
1415445018
1418211169
1423798972
1424569754
1424685873
1425794914
1431734077
1435800036
1437041087
1443454117
1443620811
1446429510
1448300966
1449038128
1449429860
1455238198
1456533261
1459423885
1459437696
1463022240
1463046138
1468103221
1468286383
1468298561
1472015164
1473785304
1474532006
1475881516
1476343580
1476729729
1478724325
1479689385
1480570107
1482201795
1483839011
1484476942
1484851658
1486081689
1486192358
1486728524
1496189959
1508978293
1509372855
1509601424
1511678840
1514929993
1517564063
1523411866
1526498495
1526541335
1528794493
1529827503
1534041769
1534231110
1534479686
1534595795
1536284479
1539707407
1551094340
1556875179
1557409628
1558829336
1559737869
1563101576
1566428484
1568034556
1570093387
1571076840
1573904679
1574029107
1574752427
1577481024
1578824780
1580091652
1583200199
1584439427
1587458736
1588739753
1589912967
1596352676
1596604410
1597561068
1598682395
1598740589
1601499350
1611008694
1611919265
1615198597
1615418229
1616097658
1617727994
1619396771
1628019003
1629038886
1630716884
1633578466
1635802297
1637137936
1638487968
1641464679
1643328619
1648552657
1652940876
1655523097
1658585413
1660680192
1660833858
1660981195
1664464072
1664673267
1666093010
1666134984
1669128892
1669647068
1671564268
1677805836
1677976057
1678222496
1687795868
1688583504
1689599964
1694672784
1698898324
1699564534
1701142587
1703971757
1704197726
1704379833
1707921197
1708221097
1713982653
1718045808
1720878366
1721901648
1723617873
1728160475
1730063998
1733925320
1734815732
1734861325
1735105585
1741309954
1741900023
1742071484
1743666811
1745529278
1746193113
1746194947
1750939684
1755399432
1755778277
1763776135
1768541033
1768715324
1771691726
1771930676
1775495565
1775602315
1775675397
1777948555
1778647659
1779826227
1780152470
1781677095
1784832440
1785427356
1786193517
1789094889
1791040435
1793402209
1795401531
1795787054
1798173827
1800534316
1803150089
1804671673
1806259879
1806482874
1806806575
1808646825
1809658486
1811233590
1815969593
1816104397
1819302286
1819521742
1826255220
1829848151
1831333108
1831656956
1833238720
1840467449
1842167061
1842615366
1846697190
1848424324
1851339076
1855437270
1858207868
1863454294
1865667141
1867705263
1868446204
1871583677
1871613792
1871726686
1873526145
1874237000
1877128091
1879735422
1879913178
1881049535
1884451544
1885767477
1886791737
1888324347
1890636430
1891000152
1894780615
1895115812
1897492165
1902676334
1902939482
1904262418
1908054519
1917938623
1919239991
1923101562
1923271323
1923865694
1924663865
1929283483
1929349613
1937032268
1941313609
1944721442
1945298595
1946083459
1953114814
1953705655
1958033808
1959585656
1960061686
1964188076
1965388949
1966466326
1967251837
1967838745
1968197648
1972131262
1972442089
1973604220
1974292784
1975739972
1978748866
1978942013
1980747537
1987711187
1988411080
1989099692
1990138646
1991307169
1993096926
1994261089
1996544816
2004418923
2004420344
2005819146
2008001388
2009122100
2009716736
2015330829
2016776887
2019049341
2019689462
2020233849
2024063950
2025199596
2033475701
2035532836
2038289327
2038794151
2040307167
2042366355
2044455893
2051814566
2056678639
2056985999
2062144123
2065589698
2066960672
2070637766
2073649111
2076322579
2076958000
2081636052
2083775292
2084063521
2085028326
2089576993
2091909513
2095479465
2097880715
2099818674
2099950436
2100470696
2104893792
2105014050
2108054524
2115959662
2119871427
2120755129
2122418526
2124451044
2126604976
2126780782
2128025500
2129034166
2130899683
2131295688
2133940735
2134123928
2135111434
2136076732
2136104433
2137796647
2139925694
2140355261
2142012390
2142841762
2146299140
Segundos: 5.6386e-05
Nanosegundos: 56386
---------------------------------------------
