77850779
333609913
444792969
453439220
704039302
1009653037
1100405625
1174009872
1253939771
1797369145
Segundos: 3.0333e-05
Nanosegundos: 30333
---------------------------------------------
77850779
333609913
444792969
453439220
704039302
1009653037
1100405625
1174009872
1253939771
1797369145
Segundos: 2.0066e-05
Nanosegundos: 20066
---------------------------------------------
77850779
333609913
444792969
453439220
704039302
1009653037
1100405625
1174009872
1253939771
1797369145
Segundos: 1.235e-05
Nanosegundos: 12350
---------------------------------------------
