77850779
333609913
444792969
453439220
704039302
1009653037
1100405625
1174009872
1253939771
1797369145
Segundos: 0.000107273
Nanosegundos: 107273
---------------------------------------------
77850779
333609913
444792969
453439220
704039302
1009653037
1100405625
1174009872
1253939771
1797369145
Segundos: 0.000127622
Nanosegundos: 127622
---------------------------------------------
77850779
333609913
444792969
453439220
704039302
1009653037
1100405625
1174009872
1253939771
1797369145
Segundos: 0.000134869
Nanosegundos: 134869
---------------------------------------------
