77850779
333609913
444792969
453439220
704039302
1009653037
1100405625
1174009872
1253939771
1797369145
Segundos: 9.137e-06
Nanosegundos: 9137
---------------------------------------------
77850779
333609913
444792969
453439220
704039302
1009653037
1100405625
1174009872
1253939771
1797369145
Segundos: 9.881e-06
Nanosegundos: 9881
---------------------------------------------
77850779
333609913
444792969
453439220
704039302
1009653037
1100405625
1174009872
1253939771
1797369145
Segundos: 9.514e-06
Nanosegundos: 9514
---------------------------------------------
